Index of optimum values = 88

f1 = 1.8401835357630309992325289298678
f2 = 1.6193615114714672793246254582836
rho = 0.8800
r = 12.665815987244600273990293667104
q = 5.2193209522172301842820730786108
epsilon = 0.072997716928397925310620583217414
nz = 0.92457565010405823825824215457727
ny = 0.38099851342840968286757960499511